100
0.84859609503699284794 0.35456146083518930157
0.11446443112309297174 0.80368605991997110749
0.55160124905016327812 0.76218496019122417007
0.04261810800182545128 0.28253336077673985027
0.53818674876270200524 0.30467862882869256591
0.73370689793196830486 0.41182571668728523706
0.55481253729891610860 0.73430655698026836564
0.49029534146669101480 0.39379620477268295620
0.53280578857884075550 0.86688081867381971968
0.66591162498384326440 0.97667327754975918896
0.94776795289840920500 0.13597653765975337148
0.35766062157119654641 0.20205892119652540950
0.00428072409903664311 0.94612210660526629979
0.47423788880661033041 0.51618934679598982296
0.59434377429743467935 0.13580679108193460802
0.50472988817129749162 0.99522266909257628420
0.70739161302679753884 0.13083231548351809126
0.89871850558496946260 0.76191554067745592693
0.51448434009891208518 0.93829621651130556970
0.94450307960831703102 0.26325115108082591808
0.46208838953733832877 0.31955512814203052008
0.76303085720307695095 0.25960918621141892970
0.25158482941407006583 0.38622013637154367638
0.20182417063127466861 0.05882797392961940791
0.72175000920973253482 0.45239696207102247927
0.43573370177100118061 0.37631783931344647831
0.77391751519121110281 0.23166999278202188295
0.67756086153795980209 0.76539204258722814966
0.94405193763973749288 0.68090808516410561424
0.02217952721853718584 0.77130613605086972839
0.34222078106469511205 0.70465952842713308613
0.21268644892270044400 0.62113921792299453539
0.48682780586501017694 0.11492534732209767900
0.55030461659203500080 0.96968323642838893939
0.46614682602982354664 0.52969725734074468715
0.62179629999296570642 0.53040615587048522972
0.53625388934102558025 0.81911032871301769909
0.78728685378436313869 0.93014372788842014650
0.92562679477298015485 0.00953192357417751227
0.20303168529785781127 0.35352697519284065342
0.72786424016946194016 0.21427670224303227431
0.34852677273961096827 0.68946160873838779892
0.78125024017936095522 0.47277886861599000001
0.99443700303995841150 0.50270226667760975481
0.91698822468378959893 0.82108443454889790125
0.96608363742292091558 0.96768634112909734935
0.90432753083497641189 0.03280291754417257594
0.31862733900483108940 0.16967882829237673770
0.79205928407239689637 0.14037957887182925254
0.35957427293042387717 0.36479731573015328205
0.14847765078231583979 0.46386887247854324823
0.24413192097290042915 0.12518796563390083287
0.03413058306748540521 0.63270178932356735402
0.81896533529225989945 0.35038243110775130207
0.87751180207240941922 0.34084960508199857454
0.65930478724618668540 0.93555142075547548242
0.81272081137295848485 0.39866891940993670618
0.42852069690289007475 0.14734502097002463716
0.42775961730059219867 0.35588014514924964926
0.27759169753528745161 0.48365264967254018025
0.75007522047966490586 0.51422277582540310004
0.54218547164564279139 0.51121412241422292677
0.97574758994195032180 0.38973632845549671666
0.29846452562998260216 0.29327443721390999976
0.06345842828203851482 0.54579631031760778015
0.19857968212970517063 0.52870972805130744820
0.02439153242129438182 0.94847757879108074430
0.06265891579103605169 0.10838987403939938370
0.70860515428176384933 0.52682018770222560633
0.26688688540220578682 0.56787512896949199348
0.27728476434819621099 0.32502657423029962525
0.72162526274175631258 0.35578307479423615378
0.64613024082320291708 0.51094968966718279368
0.53142641043822580471 0.68367240935735051899
0.48217624308642753617 0.93610972768445954717
0.19618536680759179891 0.28745210929189440874
0.20759304296578887095 0.01626530011010603183
0.37089112464845697126 0.56712414071295602636
0.65542513674843361215 0.73026550502063036774
0.57233505583011312634 0.23527551080811559547
0.27550232609524499816 0.36758685687910153117
0.03229574115588131761 0.79451378099364866614
0.39310933435014883131 0.98857459704790939803
0.97324475831037604578 0.32464509658731754982
0.31013051714288558669 0.36359379457477192243
0.92089759228792855694 0.52582575731250724704
0.55349532540584700513 0.59592627016637766957
0.73281486040577981100 0.41935101403824565081
0.03248511489130794655 0.97731815230907781444
0.78617803276804187895 0.29418890657564106261
0.43294499089612858977 0.50645416532943687837
0.97514886594151561905 0.32698205314901751528
0.58735944963403019514 0.75026217324205779491
0.65633785336107841601 0.07029361374224238346
0.42475833996420647720 0.91341195251485884921
0.71467809132983817211 0.59467315468689108116
0.67170299667478683414 0.31225728723791301711
0.10821878170045967638 0.83305621372212479425
0.17577620184783646073 0.27061663068394020693
0.25370407907930392355 0.00444925995750783919